[LAYOUT]
X.OFFSET=0
X.FACTOR=0.5
Y.OFFSET=0
Y.FACTOR=0.5

[PULLEY-X]
RATIO=0.012485

[PULLEY-Y]
RATIO=0.012485

[SERVO-Z]
VALUE-0=35
VALUE-1=120
VALUE-2=130

[PAGE]
HEIGHT=841
WIDTH=1189

[RAMP]
KB=20000
KL=240
KI=10
